5.000000000000000000e+01
5.101010101010101039e+01
5.202020202020202078e+01
5.303030303030303116e+01
5.404040404040404155e+01
5.505050505050505194e+01
5.606060606060606233e+01
5.707070707070707272e+01
5.808080808080808310e+01
5.909090909090909349e+01
6.010101010101010388e+01
6.111111111111111427e+01
6.212121212121212466e+01
6.313131313131313505e+01
6.414141414141414543e+01
6.515151515151515582e+01
6.616161616161616621e+01
6.717171717171717660e+01
6.818181818181818699e+01
6.919191919191919737e+01
7.020202020202020776e+01
7.121212121212121815e+01
7.222222222222222854e+01
7.323232323232323893e+01
7.424242424242424931e+01
7.525252525252525970e+01
7.626262626262627009e+01
7.727272727272728048e+01
7.828282828282829087e+01
7.929292929292930125e+01
8.030303030303031164e+01
8.131313131313132203e+01
8.232323232323233242e+01
8.333333333333334281e+01
8.434343434343435320e+01
8.535353535353536358e+01
8.636363636363637397e+01
8.737373737373738436e+01
8.838383838383839475e+01
8.939393939393940514e+01
9.040404040404041552e+01
9.141414141414142591e+01
9.242424242424243630e+01
9.343434343434344669e+01
9.444444444444445708e+01
9.545454545454546746e+01
9.646464646464647785e+01
9.747474747474748824e+01
9.848484848484848442e+01
9.949494949494949481e+01
1.005050505050505052e+02
1.015151515151515156e+02
1.025252525252525260e+02
1.035353535353535364e+02
1.045454545454545467e+02
1.055555555555555571e+02
1.065656565656565675e+02
1.075757575757575779e+02
1.085858585858585883e+02
1.095959595959595987e+02
1.106060606060606091e+02
1.116161616161616195e+02
1.126262626262626299e+02
1.136363636363636402e+02
1.146464646464646506e+02
1.156565656565656610e+02
1.166666666666666714e+02
1.176767676767676818e+02
1.186868686868686922e+02
1.196969696969697026e+02
1.207070707070707130e+02
1.217171717171717233e+02
1.227272727272727337e+02
1.237373737373737441e+02
1.247474747474747545e+02
1.257575757575757649e+02
1.267676767676767753e+02
1.277777777777777857e+02
1.287878787878788103e+02
1.297979797979797922e+02
1.308080808080808310e+02
1.318181818181818130e+02
1.328282828282828518e+02
1.338383838383838338e+02
1.348484848484848726e+02
1.358585858585858546e+02
1.368686868686868934e+02
1.378787878787878753e+02
1.388888888888889142e+02
1.398989898989898961e+02
1.409090909090909349e+02
1.419191919191919169e+02
1.429292929292929557e+02
1.439393939393939377e+02
1.449494949494949765e+02
1.459595959595959584e+02
1.469696969696969688e+02
1.479797979797979792e+02
1.489898989898989896e+02
1.500000000000000000e+02
