6.456388591887135590e+03
6.133919669021921436e+03
5.833972562984507022e+03
5.553829122663590169e+03
5.291390135289208047e+03
5.046923760948220661e+03
4.816977725512438155e+03
4.602174876577541909e+03
4.399797397125708812e+03
4.210339239892022306e+03
4.032036921283673564e+03
3.863426444147823986e+03
3.704749558238346708e+03
3.555083724876945780e+03
3.413606647393789899e+03
3.280539828219363244e+03
3.153743380549575249e+03
3.033634018955174270e+03
2.921219839712279736e+03
2.813151158550706896e+03
2.710867825972242827e+03
2.613354108417833686e+03
2.521706529261978176e+03
2.432930996214136940e+03
2.350251010722161027e+03
2.270883149952947861e+03
2.194953929530853202e+03
2.121885902912329129e+03
2.053025962730110678e+03
1.987150787326879481e+03
1.924465933557924473e+03
1.863500810275463664e+03
1.805630673239205407e+03
1.750316258526928323e+03
1.696910682395039430e+03
1.646482968617772940e+03
1.598135931035669046e+03
1.550868470447751406e+03
1.506645171915109586e+03
1.463922619436137438e+03
1.422580936120572233e+03
1.382979217102977373e+03
1.344273052777410157e+03
1.307147835882810114e+03
1.272296873869300498e+03
1.237842028466646070e+03
1.205496245677686375e+03
1.173883763307909703e+03
1.143530664156982311e+03
1.114339004856303518e+03
1.084876805810553151e+03
1.058708663646634477e+03
1.032370229959137760e+03
1.006976165653153430e+03
9.818956407725190729e+02
9.588533025853716936e+02
9.348201540725366385e+02
9.131052827364743507e+02
8.916833990677140491e+02
8.712567941080899345e+02
8.510847476624767296e+02
8.313139819694367816e+02
8.127096876758342887e+02
7.955300776585236235e+02
7.779562649527947542e+02
7.593583166647731559e+02
7.425697411189381683e+02
7.269227235999494496e+02
7.111256024036995314e+02
6.961047206549798148e+02
6.821597027159642721e+02
6.674083002245846501e+02
6.541782605465230063e+02
6.402104425799569754e+02
6.263483346735999930e+02
6.141717387929096503e+02
6.017183416934956313e+02
5.895411192554337276e+02
5.776074198852902555e+02
5.669462991514827763e+02
5.558076268172342225e+02
5.453357435432276361e+02
5.345120448520279979e+02
5.242532178682479298e+02
5.145338884193255353e+02
5.038859667173571211e+02
4.954316677411704859e+02
4.862889540084108262e+02
4.771768906989951802e+02
4.683628313682307294e+02
4.599968898823049130e+02
4.516160057605243310e+02
4.440600339725206140e+02
4.349835588811534990e+02
4.286210933423596998e+02
4.211012646700833102e+02
4.131584501743007536e+02
4.064585586250216238e+02
3.991951572579170602e+02
3.927770769166261857e+02
