1.538480190059443231e+01
1.803994844410931719e+01
2.074192622407534614e+01
2.340100984140073592e+01
2.621510063558880432e+01
2.887939230577280370e+01
3.267760037624015723e+01
3.624293586100588982e+01
4.183230771978232099e+01
4.472484203235710254e+01
4.901901109503933185e+01
5.458384801381982498e+01
6.044395282904604727e+01
6.710163163497058747e+01
7.331305934512305100e+01
8.038417701150292771e+01
8.828937593277244389e+01
9.658444786378277058e+01
1.042045848601506322e+02
1.146416307471176879e+02
1.235112892305587451e+02
1.345268586166006060e+02
1.450430823504431430e+02
1.581643332442427266e+02
1.717913514750528066e+02
1.835712719659944128e+02
1.979150031939569203e+02
2.139361084172272456e+02
2.295680700846963020e+02
2.465373692074055327e+02
2.641143352719346922e+02
2.831127401702224233e+02
3.022997542458672910e+02
3.228565015249954513e+02
3.445193178888176249e+02
3.676949607788102412e+02
3.913593215276684418e+02
4.168242323983324695e+02
4.426368502745826845e+02
4.702519040672153210e+02
4.999275768833090865e+02
5.289023404506694988e+02
5.603229923493009892e+02
5.931106443932800403e+02
6.271303491261907084e+02
6.633693290327342993e+02
7.017142035218076899e+02
7.397376073564449825e+02
7.806386443959225971e+02
8.228136223978054886e+02
8.656723069434885929e+02
9.102137208256813210e+02
9.580326031355238001e+02
1.007291992119634074e+03
1.058029537451610622e+03
1.111047519335722654e+03
1.166443910326044715e+03
1.222809821319707908e+03
1.281110152112206606e+03
1.342530443746999026e+03
1.405175264221236603e+03
1.471403152526458143e+03
1.536878719515193097e+03
1.608101102592653660e+03
1.679812150650684544e+03
1.754709199343822320e+03
1.832464343650941828e+03
1.911709046912803842e+03
1.994382101504000275e+03
2.078654055364936994e+03
2.166598274438367753e+03
2.255622982675686217e+03
2.348654835621773600e+03
2.444463611754800695e+03
2.543845966417291038e+03
2.645305246365588118e+03
2.749656581282604748e+03
2.858029640524120168e+03
2.968665196804036896e+03
3.083208241631706187e+03
3.198777704047548468e+03
3.320655724687552720e+03
3.444593388278271505e+03
3.572310906936728770e+03
3.704479259388221635e+03
3.838077949702294973e+03
3.975746853596534947e+03
4.118423306260904610e+03
4.263847070864699162e+03
4.413647032393576410e+03
4.567425210209468787e+03
4.724884307810286373e+03
4.886477595104389366e+03
5.051962838680952700e+03
5.220691820972367168e+03
5.395668600079392490e+03
5.574189572375433272e+03
5.756885988219393766e+03
5.943798781023513584e+03
6.134840236402888877e+03
